{
  "accessors": [
    {
      "bufferView": 2,
      "componentType": 5126,
      "count": 65532,
      "max": [
        38.45526885986328,
        4.714396953582764,
        -0.18793106079101563
      ],
      "min": [
        -36.44916915893555,
        -22.383804321289063,
        -59.11981201171875
      ],
      "type": "VEC3"
    },
    {
      "bufferView": 2,
      "byteOffset": 786384,
      "componentType": 5126,
      "count": 65532,
      "max": [
        0.9998528957366943,
        0.9999886751174927,
        1.0
      ],
      "min": [
        -0.9999882578849792,
        -0.9998025298118591,
        -0.9994994401931763
      ],
      "type": "VEC3"
    },
    {
      "bufferView": 1,
      "componentType": 5126,
      "count": 65532,
      "max": [
        0.9999237656593323,
        0.9998993277549744
      ],
      "min": [
        1.1348286534484942e-05,
        0.0
      ],
      "type": "VEC2"
    },
    {
      "bufferView": 0,
      "componentType": 5125,
      "count": 319926,
      "type": "SCALAR"
    },
    {
      "bufferView": 2,
      "byteOffset": 1572768,
      "componentType": 5126,
      "count": 65532,
      "max": [
        36.10588836669922,
        8.816232681274414,
        -34.527278900146484
      ],
      "min": [
        -32.34994125366211,
        -6.741432189941406,
        -66.5458755493164
      ],
      "type": "VEC3"
    },
    {
      "bufferView": 2,
      "byteOffset": 2359152,
      "componentType": 5126,
      "count": 65532,
      "max": [
        0.9997623562812805,
        0.9999933838844299,
        1.0
      ],
      "min": [
        -0.9999855160713196,
        -0.9999815821647644,
        -0.9998819828033447
      ],
      "type": "VEC3"
    },
    {
      "bufferView": 1,
      "byteOffset": 524256,
      "componentType": 5126,
      "count": 65532,
      "max": [
        0.9998745918273926,
        0.9999821186065674
      ],
      "min": [
        5.055665042164037e-06,
        0.00012797649833373725
      ],
      "type": "VEC2"
    },
    {
      "bufferView": 0,
      "byteOffset": 1279704,
      "componentType": 5125,
      "count": 291615,
      "type": "SCALAR"
    },
    {
      "bufferView": 2,
      "byteOffset": 3145536,
      "componentType": 5126,
      "count": 65532,
      "max": [
        -0.014731645584106445,
        7.686198711395264,
        -25.47201919555664
      ],
      "min": [
        -40.63401794433594,
        -13.712905883789063,
        -65.11170196533203
      ],
      "type": "VEC3"
    },
    {
      "bufferView": 2,
      "byteOffset": 3931920,
      "componentType": 5126,
      "count": 65532,
      "max": [
        1.0,
        1.0,
        1.0
      ],
      "min": [
        -1.0,
        -1.0,
        -1.0
      ],
      "type": "VEC3"
    },
    {
      "bufferView": 1,
      "byteOffset": 1048512,
      "componentType": 5126,
      "count": 65532,
      "max": [
        1.0,
        0.999997615814209
      ],
      "min": [
        0.0,
        0.00013733262312598526
      ],
      "type": "VEC2"
    },
    {
      "bufferView": 0,
      "byteOffset": 2446164,
      "componentType": 5125,
      "count": 301485,
      "type": "SCALAR"
    },
    {
      "bufferView": 2,
      "byteOffset": 4718304,
      "componentType": 5126,
      "count": 65532,
      "max": [
        35.93191909790039,
        10.271808624267578,
        0.5333633422851563
      ],
      "min": [
        -39.235939025878906,
        -17.181745529174805,
        -79.53101348876953
      ],
      "type": "VEC3"
    },
    {
      "bufferView": 2,
      "byteOffset": 5504688,
      "componentType": 5126,
      "count": 65532,
      "max": [
        1.0,
        0.9999473094940186,
        1.0
      ],
      "min": [
        -1.0,
        -1.0,
        -1.0
      ],
      "type": "VEC3"
    },
    {
      "bufferView": 1,
      "byteOffset": 1572768,
      "componentType": 5126,
      "count": 65532,
      "max": [
        0.9998719692230225,
        0.999981701374054
      ],
      "min": [
        7.727039701421745e-06,
        1.887952021206729e-05
      ],
      "type": "VEC2"
    },
    {
      "bufferView": 0,
      "byteOffset": 3652104,
      "componentType": 5125,
      "count": 322779,
      "type": "SCALAR"
    },
    {
      "bufferView": 2,
      "byteOffset": 6291072,
      "componentType": 5126,
      "count": 65532,
      "max": [
        35.678993225097656,
        41.47462463378906,
        -62.38338851928711
      ],
      "min": [
        9.217425346374512,
        3.1575026512145996,
        -125.21968841552734
      ],
      "type": "VEC3"
    },
    {
      "bufferView": 2,
      "byteOffset": 7077456,
      "componentType": 5126,
      "count": 65532,
      "max": [
        1.0,
        1.0,
        1.0
      ],
      "min": [
        -1.0,
        -1.0,
        -1.0
      ],
      "type": "VEC3"
    },
    {
      "bufferView": 1,
      "byteOffset": 2097024,
      "componentType": 5126,
      "count": 65532,
      "max": [
        1.0,
        1.0
      ],
      "min": [
        2.6678473659558222e-05,
        0.0001258153934031725
      ],
      "type": "VEC2"
    },
    {
      "bufferView": 0,
      "byteOffset": 4943220,
      "componentType": 5125,
      "count": 293715,
      "type": "SCALAR"
    },
    {
      "bufferView": 2,
      "byteOffset": 7863840,
      "componentType": 5126,
      "count": 65532,
      "max": [
        31.957962036132813,
        40.78349685668945,
        -70.36075592041016
      ],
      "min": [
        -42.260223388671875,
        6.932898998260498,
        -122.7451171875
      ],
      "type": "VEC3"
    },
    {
      "bufferView": 2,
      "byteOffset": 8650224,
      "componentType": 5126,
      "count": 65532,
      "max": [
        1.0,
        1.0,
        1.0
      ],
      "min": [
        -0.9999778866767883,
        -1.0,
        -0.9990676641464233
      ],
      "type": "VEC3"
    },
    {
      "bufferView": 1,
      "byteOffset": 2621280,
      "componentType": 5126,
      "count": 65532,
      "max": [
        0.9998711943626404,
        0.9999765753746033
      ],
      "min": [
        0.0,
        0.00012535805581137538
      ],
      "type": "VEC2"
    },
    {
      "bufferView": 0,
      "byteOffset": 6118080,
      "componentType": 5125,
      "count": 306618,
      "type": "SCALAR"
    },
    {
      "bufferView": 2,
      "byteOffset": 9436608,
      "componentType": 5126,
      "count": 65532,
      "max": [
        -7.917468070983887,
        35.38972473144531,
        -61.72868347167969
      ],
      "min": [
        -42.47981262207031,
        5.026924133300781,
        -114.14482116699219
      ],
      "type": "VEC3"
    },
    {
      "bufferView": 2,
      "byteOffset": 10222992,
      "componentType": 5126,
      "count": 65532,
      "max": [
        0.9999744296073914,
        1.0,
        1.0
      ],
      "min": [
        -1.0,
        -0.9999274611473083,
        -1.0
      ],
      "type": "VEC3"
    },
    {
      "bufferView": 1,
      "byteOffset": 3145536,
      "componentType": 5126,
      "count": 65532,
      "max": [
        0.9998729228973389,
        0.9999819993972778
      ],
      "min": [
        0.0,
        0.0001457584003219381
      ],
      "type": "VEC2"
    },
    {
      "bufferView": 0,
      "byteOffset": 7344552,
      "componentType": 5125,
      "count": 289326,
      "type": "SCALAR"
    },
    {
      "bufferView": 2,
      "byteOffset": 11009376,
      "componentType": 5126,
      "count": 65532,
      "max": [
        -5.559048652648926,
        28.749805450439453,
        -62.37639236450195
      ],
      "min": [
        -41.371376037597656,
        4.531391143798828,
        -116.79757690429688
      ],
      "type": "VEC3"
    },
    {
      "bufferView": 2,
      "byteOffset": 11795760,
      "componentType": 5126,
      "count": 65532,
      "max": [
        1.0,
        1.0,
        1.0
      ],
      "min": [
        -1.0,
        -1.0,
        -1.0
      ],
      "type": "VEC3"
    },
    {
      "bufferView": 1,
      "byteOffset": 3669792,
      "componentType": 5126,
      "count": 65532,
      "max": [
        0.9998745322227478,
        0.9999789595603943
      ],
      "min": [
        2.4598237359896302e-05,
        0.0001288944622501731
      ],
      "type": "VEC2"
    },
    {
      "bufferView": 0,
      "byteOffset": 8501856,
      "componentType": 5125,
      "count": 293409,
      "type": "SCALAR"
    },
    {
      "bufferView": 2,
      "byteOffset": 12582144,
      "componentType": 5126,
      "count": 65532,
      "max": [
        18.481002807617188,
        41.828651428222656,
        -61.23786163330078
      ],
      "min": [
        -22.051586151123047,
        3.8233470916748047,
        -125.31025695800781
      ],
      "type": "VEC3"
    },
    {
      "bufferView": 2,
      "byteOffset": 13368528,
      "componentType": 5126,
      "count": 65532,
      "max": [
        0.9999545216560364,
        0.9999593496322632,
        1.0
      ],
      "min": [
        -0.9999290704727173,
        -1.0,
        -1.0
      ],
      "type": "VEC3"
    },
    {
      "bufferView": 1,
      "byteOffset": 4194048,
      "componentType": 5126,
      "count": 65532,
      "max": [
        0.9998629093170166,
        0.9999909400939941
      ],
      "min": [
        7.194641511887312e-06,
        0.00012658684863708913
      ],
      "type": "VEC2"
    },
    {
      "bufferView": 0,
      "byteOffset": 9675492,
      "componentType": 5125,
      "count": 307059,
      "type": "SCALAR"
    },
    {
      "bufferView": 2,
      "byteOffset": 14154912,
      "componentType": 5126,
      "count": 65533,
      "max": [
        12.597380638122559,
        16.30397605895996,
        -39.58655548095703
      ],
      "min": [
        -22.201509475708008,
        -3.772165298461914,
        -92.0002670288086
      ],
      "type": "VEC3"
    },
    {
      "bufferView": 2,
      "byteOffset": 14941308,
      "componentType": 5126,
      "count": 65533,
      "max": [
        1.0,
        1.0,
        1.0
      ],
      "min": [
        -1.0,
        -1.0,
        -0.998529851436615
      ],
      "type": "VEC3"
    },
    {
      "bufferView": 1,
      "byteOffset": 4718304,
      "componentType": 5126,
      "count": 65533,
      "max": [
        0.9998654723167419,
        1.0
      ],
      "min": [
        2.1000565538997762e-05,
        0.0001425845839548856
      ],
      "type": "VEC2"
    },
    {
      "bufferView": 0,
      "byteOffset": 10903728,
      "componentType": 5125,
      "count": 293277,
      "type": "SCALAR"
    },
    {
      "bufferView": 2,
      "byteOffset": 15727704,
      "componentType": 5126,
      "count": 65532,
      "max": [
        36.212764739990234,
        8.38592529296875,
        -15.359199523925781
      ],
      "min": [
        -0.35999107360839844,
        -12.330511093139648,
        -63.82413101196289
      ],
      "type": "VEC3"
    },
    {
      "bufferView": 2,
      "byteOffset": 16514088,
      "componentType": 5126,
      "count": 65532,
      "max": [
        1.0,
        1.0,
        1.0
      ],
      "min": [
        -1.0,
        -1.0,
        -0.9994951486587524
      ],
      "type": "VEC3"
    },
    {
      "bufferView": 1,
      "byteOffset": 5242568,
      "componentType": 5126,
      "count": 65532,
      "max": [
        0.9998776316642761,
        0.9999909400939941
      ],
      "min": [
        0.0,
        6.746094732079655e-05
      ],
      "type": "VEC2"
    },
    {
      "bufferView": 0,
      "byteOffset": 12076836,
      "componentType": 5125,
      "count": 273282,
      "type": "SCALAR"
    },
    {
      "bufferView": 2,
      "byteOffset": 17300472,
      "componentType": 5126,
      "count": 35453,
      "max": [
        35.95174026489258,
        41.813846588134766,
        -16.308834075927734
      ],
      "min": [
        -42.24154281616211,
        -20.613792419433594,
        -124.76360321044922
      ],
      "type": "VEC3"
    },
    {
      "bufferView": 2,
      "byteOffset": 17725908,
      "componentType": 5126,
      "count": 35453,
      "max": [
        1.0,
        1.0,
        1.0
      ],
      "min": [
        -0.9999839067459106,
        -0.9997878074645996,
        -0.9999626874923706
      ],
      "type": "VEC3"
    },
    {
      "bufferView": 1,
      "byteOffset": 5766824,
      "componentType": 5126,
      "count": 35453,
      "max": [
        1.0,
        0.9999889135360718
      ],
      "min": [
        0.0,
        2.8331487555988133e-06
      ],
      "type": "VEC2"
    },
    {
      "bufferView": 0,
      "byteOffset": 13169964,
      "componentType": 5125,
      "count": 98409,
      "type": "SCALAR"
    }
  ],
  "asset": {
    "extras": {
      "author": "Nikitos & 3130 (https://sketchfab.com/vrcityphoto)",
      "license": "CC-BY-4.0 (http://creativecommons.org/licenses/by/4.0/)",
      "source": "https://sketchfab.com/3d-models/tokyo-station-a-3d34db7b146a4b0e8e03907df754baa2",
      "title": "Tokyo station A"
    },
    "generator": "Sketchfab-12.68.0",
    "version": "2.0"
  },
  "bufferViews": [
    {
      "buffer": 0,
      "byteLength": 13563600,
      "name": "floatBufferViews",
      "target": 34963
    },
    {
      "buffer": 0,
      "byteLength": 6050448,
      "byteOffset": 13563600,
      "byteStride": 8,
      "name": "floatBufferViews",
      "target": 34962
    },
    {
      "buffer": 0,
      "byteLength": 18151344,
      "byteOffset": 19614048,
      "byteStride": 12,
      "name": "floatBufferViews",
      "target": 34962
    }
  ],
  "buffers": [
    {
      "byteLength": 37765392,
      "uri": "scene.bin"
    }
  ],
  "extensionsUsed": [
    "KHR_materials_unlit"
  ],
  "images": [
    {
      "uri": "textures/material0_baseColor.jpeg"
    }
  ],
  "materials": [
    {
      "doubleSided": true,
      "emissiveFactor": [
        1.0,
        1.0,
        1.0
      ],
      "emissiveTexture": {
        "index": 0
      },
      "extensions": {
        "KHR_materials_unlit": {}
      },
      "name": "material0",
      "pbrMetallicRoughness": {
        "baseColorFactor": [
          0.9380567158552676,
          0.9380567158552676,
          0.9380567158552676,
          1.0
        ],
        "baseColorTexture": {
          "index": 0
        },
        "metallicFactor": 0.0
      }
    }
  ],
  "meshes": [
    {
      "name": "Model_material0_0",
      "primitives": [
        {
          "attributes": {
            "NORMAL": 1,
            "POSITION": 0,
            "TEXCOORD_0": 2
          },
          "indices": 3,
          "material": 0,
          "mode": 4
        }
      ]
    },
    {
      "name": "Model_material0_0",
      "primitives": [
        {
          "attributes": {
            "NORMAL": 5,
            "POSITION": 4,
            "TEXCOORD_0": 6
          },
          "indices": 7,
          "material": 0,
          "mode": 4
        }
      ]
    },
    {
      "name": "Model_material0_0",
      "primitives": [
        {
          "attributes": {
            "NORMAL": 9,
            "POSITION": 8,
            "TEXCOORD_0": 10
          },
          "indices": 11,
          "material": 0,
          "mode": 4
        }
      ]
    },
    {
      "name": "Model_material0_0",
      "primitives": [
        {
          "attributes": {
            "NORMAL": 13,
            "POSITION": 12,
            "TEXCOORD_0": 14
          },
          "indices": 15,
          "material": 0,
          "mode": 4
        }
      ]
    },
    {
      "name": "Model_material0_0",
      "primitives": [
        {
          "attributes": {
            "NORMAL": 17,
            "POSITION": 16,
            "TEXCOORD_0": 18
          },
          "indices": 19,
          "material": 0,
          "mode": 4
        }
      ]
    },
    {
      "name": "Model_material0_0",
      "primitives": [
        {
          "attributes": {
            "NORMAL": 21,
            "POSITION": 20,
            "TEXCOORD_0": 22
          },
          "indices": 23,
          "material": 0,
          "mode": 4
        }
      ]
    },
    {
      "name": "Model_material0_0",
      "primitives": [
        {
          "attributes": {
            "NORMAL": 25,
            "POSITION": 24,
            "TEXCOORD_0": 26
          },
          "indices": 27,
          "material": 0,
          "mode": 4
        }
      ]
    },
    {
      "name": "Model_material0_0",
      "primitives": [
        {
          "attributes": {
            "NORMAL": 29,
            "POSITION": 28,
            "TEXCOORD_0": 30
          },
          "indices": 31,
          "material": 0,
          "mode": 4
        }
      ]
    },
    {
      "name": "Model_material0_0",
      "primitives": [
        {
          "attributes": {
            "NORMAL": 33,
            "POSITION": 32,
            "TEXCOORD_0": 34
          },
          "indices": 35,
          "material": 0,
          "mode": 4
        }
      ]
    },
    {
      "name": "Model_material0_0",
      "primitives": [
        {
          "attributes": {
            "NORMAL": 37,
            "POSITION": 36,
            "TEXCOORD_0": 38
          },
          "indices": 39,
          "material": 0,
          "mode": 4
        }
      ]
    },
    {
      "name": "Model_material0_0",
      "primitives": [
        {
          "attributes": {
            "NORMAL": 41,
            "POSITION": 40,
            "TEXCOORD_0": 42
          },
          "indices": 43,
          "material": 0,
          "mode": 4
        }
      ]
    },
    {
      "name": "Model_material0_0",
      "primitives": [
        {
          "attributes": {
            "NORMAL": 45,
            "POSITION": 44,
            "TEXCOORD_0": 46
          },
          "indices": 47,
          "material": 0,
          "mode": 4
        }
      ]
    }
  ],
  "nodes": [
    {
      "children": [
        1
      ],
      "matrix": [
        -0.9063949584960938,
        1.282460226132173e-16,
        0.42243126034736633,
        0.0,
        -0.14740657806396484,
        -0.9371420741081237,
        -0.316284775733948,
        0.0,
        0.3958781063556671,
        -0.3489480912685396,
        0.8494208455085753,
        0.0,
        -29.96730613708496,
        75.04711914062501,
        -45.496433258056626,
        1.0
      ],
      "name": "Sketchfab_model"
    },
    {
      "children": [
        2
      ],
      "matrix": [
        1.0,
        0.0,
        0.0,
        0.0,
        0.0,
        -1.0,
        0.0,
        0.0,
        0.0,
        0.0,
        -1.0,
        0.0,
        0.0,
        0.0,
        0.0,
        1.0
      ],
      "name": "5.fbx"
    },
    {
      "children": [
        3,
        16,
        18,
        20,
        22,
        24,
        26,
        28,
        30,
        32,
        34,
        36,
        38,
        40,
        42,
        44,
        46,
        48,
        50,
        52,
        54,
        56,
        58,
        60,
        62,
        64,
        66,
        68,
        70,
        72,
        74,
        76,
        78,
        80,
        82,
        84,
        86,
        88,
        90,
        92,
        94,
        96,
        98,
        100,
        102,
        104,
        106,
        108,
        110,
        112,
        114,
        116,
        118,
        120,
        122,
        124,
        126,
        128,
        130,
        132,
        134,
        136,
        138,
        140,
        142,
        144,
        146,
        148,
        150,
        152,
        154,
        156,
        158,
        160,
        162,
        164,
        166,
        168,
        170,
        172,
        174,
        176,
        178,
        180,
        182,
        184
      ],
      "name": "RootNode"
    },
    {
      "children": [
        4,
        5,
        6,
        7,
        8,
        9,
        10,
        11,
        12,
        13,
        14,
        15
      ],
      "name": "Model"
    },
    {
      "mesh": 0,
      "name": "Model_material0_0"
    },
    {
      "mesh": 1,
      "name": "Model_material0_0"
    },
    {
      "mesh": 2,
      "name": "Model_material0_0"
    },
    {
      "mesh": 3,
      "name": "Model_material0_0"
    },
    {
      "mesh": 4,
      "name": "Model_material0_0"
    },
    {
      "mesh": 5,
      "name": "Model_material0_0"
    },
    {
      "mesh": 6,
      "name": "Model_material0_0"
    },
    {
      "mesh": 7,
      "name": "Model_material0_0"
    },
    {
      "mesh": 8,
      "name": "Model_material0_0"
    },
    {
      "mesh": 9,
      "name": "Model_material0_0"
    },
    {
      "mesh": 10,
      "name": "Model_material0_0"
    },
    {
      "mesh": 11,
      "name": "Model_material0_0"
    },
    {
      "children": [
        17
      ],
      "matrix": [
        -0.03102291014998393,
        -0.0010793085686181033,
        -0.9995180909512542,
        0.0,
        -0.0053863720196454055,
        0.9999850769389099,
        -0.0009126313321276727,
        0.0,
        0.9995041600925392,
        0.00535546379841257,
        -0.031028260750675107,
        0.0,
        0.5242724418640137,
        -0.040540456771850586,
        0.09224837273359299,
        1.0
      ],
      "name": "J2 (1)"
    },
    {
      "name": "Object_17"
    },
    {
      "children": [
        19
      ],
      "matrix": [
        -0.030127463883491412,
        -0.0010021657613473655,
        -0.9995455625351631,
        0.0,
        -0.00522700852135586,
        0.9999859820301568,
        -0.0008450592291458243,
        0.0,
        0.9995323978250362,
        0.005199173681449233,
        -0.030132279886585733,
        0.0,
        0.4690105617046356,
        -0.03551916778087616,
        0.08201669156551361,
        1.0
      ],
      "name": "J2 (2)"
    },
    {
      "name": "Object_19"
    },
    {
      "children": [
        21
      ],
      "matrix": [
        -0.029219576010561132,
        -0.0009129538222899317,
        -0.9995726001112083,
        0.0,
        -0.005035392119989308,
        0.9999870288457123,
        -0.0007661374044735086,
        0.0,
        0.9995603339488622,
        0.005010853783832654,
        -0.02922379407941511,
        0.0,
        0.41298311948776245,
        -0.03169124573469162,
        0.07066920399665833,
        1.0
      ],
      "name": "J2 (3)"
    },
    {
      "name": "Object_21"
    },
    {
      "children": [
        23
      ],
      "matrix": [
        -0.028347916585154342,
        -0.0008255317047585618,
        -0.9995977761693379,
        0.0,
        -0.0048304943691555875,
        0.9999880958240678,
        -0.0006888645037615407,
        0.0,
        0.9995864454610371,
        0.004809023555715327,
        -0.028351566852819365,
        0.0,
        0.3589527904987335,
        -0.02789665199816227,
        0.05891084671020508,
        1.0
      ],
      "name": "J2 (4)"
    },
    {
      "name": "Object_23"
    },
    {
      "children": [
        25
      ],
      "matrix": [
        -0.02694073823243448,
        -0.0007108750173970455,
        -0.9996367796755985,
        0.0,
        -0.004509906391528958,
        0.9999896565154416,
        -0.0005895816049471252,
        0.0,
        0.9996268590668376,
        0.004492384538180867,
        -0.026943665551109275,
        0.0,
        0.27125027775764465,
        -0.019729318097233772,
        0.040369417518377304,
        1.0
      ],
      "name": "J2 (5)"
    },
    {
      "name": "Object_25"
    },
    {
      "children": [
        27
      ],
      "matrix": [
        -0.025723771512609073,
        -0.0006017610346279894,
        -0.9996689079204295,
        0.0,
        -0.004227205711161357,
        0.9999909437120685,
        -0.000493179198782608,
        0.0,
        0.999660151406988,
        0.00421311968780742,
        -0.025726082318410004,
        0.0,
        0.19499686360359192,
        -0.014070364646613598,
        0.02354469895362854,
        1.0
      ],
      "name": "J2 (6)"
    },
    {
      "name": "Object_27"
    },
    {
      "children": [
        29
      ],
      "matrix": [
        -0.023023093676000306,
        -0.00037329052761404975,
        -0.9997348637572704,
        0.0,
        -0.0036091865203571145,
        0.9999934447363916,
        -0.00029027040244777955,
        0.0,
        0.9997284185868917,
        0.0036015466715368714,
        -0.023024290028692773,
        0.0,
        0.02728881500661373,
        0.0009308817679993808,
        -0.011909429915249348,
        1.0
      ],
      "name": "J2 (7)"
    },
    {
      "name": "Object_29"
    },
    {
      "children": [
        31
      ],
      "matrix": [
        -0.020651545772955693,
        -7.105239040161256e-05,
        -0.9997867315626595,
        0.0,
        -0.003058590716171935,
        0.9999953224693567,
        -7.889114375211632e-06,
        0.0,
        0.9997820555901263,
        0.0030577754929028054,
        -0.020651666494899246,
        0.0,
        -0.11879818141460419,
        0.011529041454195976,
        -0.04282175377011299,
        1.0
      ],
      "name": "J2 (8)"
    },
    {
      "name": "Object_31"
    },
    {
      "children": [
        33
      ],
      "matrix": [
        -0.018479113705087258,
        0.00016261597172583919,
        -0.9998292333757403,
        0.0,
        -0.0025148856671367912,
        0.9999968158035425,
        0.00020912402352650235,
        0.0,
        0.9998260837299434,
        0.0025183206352102265,
        -0.01847864590338233,
        0.0,
        -0.2529658377170563,
        0.02394765429198742,
        -0.07081370055675507,
        1.0
      ],
      "name": "J2 (9)"
    },
    {
      "name": "Object_33"
    },
    {
      "children": [
        35
      ],
      "matrix": [
        -0.015799671760691192,
        0.0005127268919857267,
        -0.999875045934935,
        0.0,
        -0.0018441811234375834,
        0.9999981526516175,
        0.000541931117714252,
        0.0,
        0.9998734766800439,
        0.0018525130192862838,
        -0.01579869701193748,
        0.0,
        -0.41952571272850037,
        0.03874718397855759,
        -0.10517624765634537,
        1.0
      ],
      "name": "J2 (10)"
    },
    {
      "name": "Object_35"
    },
    {
      "children": [
        37
      ],
      "matrix": [
        -0.013981392249382774,
        0.0007599551051907385,
        -0.9999019667642457,
        0.0,
        -0.0013646930820210594,
        0.9999987652987716,
        0.0007791108549111102,
        0.0,
        0.9999013242733308,
        0.0013754523512106817,
        -0.013980337881065896,
        0.0,
        -0.5322026610374451,
        0.04895013943314552,
        -0.12823423743247986,
        1.0
      ],
      "name": "J2 (11)"
    },
    {
      "name": "Object_37"
    },
    {
      "children": [
        39
      ],
      "matrix": [
        -0.012513048246769465,
        0.0009724483079741265,
        -0.9999212358820381,
        0.0,
        -0.0010562063933514687,
        0.9999989563705317,
        0.0009857412957006637,
        0.0,
        0.9999211509172256,
        0.001068457830578446,
        -0.012512008081663417,
        0.0,
        -0.6229099035263062,
        0.05708996206521988,
        -0.1462053656578064,
        1.0
      ],
      "name": "J2 (12)"
    },
    {
      "name": "Object_39"
    },
    {
      "children": [
        41
      ],
      "matrix": [
        -0.011252945564803385,
        0.00115212615515202,
        -0.9999360198639902,
        0.0,
        -0.000708190179107876,
        0.999999076237383,
        0.0011601685441372253,
        0.0,
        0.9999364328209996,
        0.0007212001824770693,
        -0.011252119245324765,
        0.0,
        -0.700310468673706,
        0.06380170583724976,
        -0.16320723295211792,
        1.0
      ],
      "name": "J2 (13)"
    },
    {
      "name": "Object_41"
    },
    {
      "children": [
        43
      ],
      "matrix": [
        -0.009810781379562483,
        0.0013530706282739763,
        -0.999950957681724,
        0.0,
        -0.0003406399025474208,
        0.9999990219657753,
        0.0013564777733523362,
        0.0,
        0.9999518151056974,
        0.00035393130365749816,
        -0.009810310874435624,
        0.0,
        -0.7889890074729919,
        0.07301478832960129,
        -0.18799611926078796,
        1.0
      ],
      "name": "J2 (14)"
    },
    {
      "name": "Object_43"
    },
    {
      "children": [
        45
      ],
      "matrix": [
        -0.00846944135902894,
        0.0015554936427780585,
        -0.9999629238139749,
        0.0,
        -4.42079834345688e-05,
        0.9999987885725595,
        0.001555923863056264,
        0.0,
        0.999964132661127,
        5.738415028841979e-05,
        -0.00846936233367801,
        0.0,
        -0.8704220652580261,
        0.07812061160802841,
        -0.19704049825668335,
        1.0
      ],
      "name": "J2 (15)"
    },
    {
      "name": "Object_45"
    },
    {
      "children": [
        47
      ],
      "matrix": [
        -0.006631835347056914,
        0.0018098445464920583,
        -0.9999763713321665,
        0.0,
        0.0003459702233388084,
        0.9999983064604712,
        0.0018075897748309794,
        0.0,
        0.9999779492891501,
        -0.0003339744107616183,
        -0.006632450268103662,
        0.0,
        -0.9816107749938965,
        0.08826707303524017,
        -0.22077342867851257,
        1.0
      ],
      "name": "J2 (16)"
    },
    {
      "name": "Object_47"
    },
    {
      "children": [
        49
      ],
      "matrix": [
        -0.005124690176677937,
        0.0020421601089249584,
        -0.9999847834505697,
        0.0,
        0.0006715302323184528,
        0.9999976962802455,
        0.0020387450426401863,
        0.0,
        0.9999866432096682,
        -0.0006610720772527099,
        -0.005126049743080285,
        0.0,
        -1.0728566646575928,
        0.09490621089935303,
        -0.23865123093128204,
        1.0
      ],
      "name": "J2 (17)"
    },
    {
      "name": "Object_49"
    },
    {
      "children": [
        51
      ],
      "matrix": [
        -0.0032755369151755698,
        0.002299700396784253,
        -0.9999919910859298,
        0.0,
        0.0010719619706210182,
        0.9999967891760433,
        0.002296200151914397,
        0.0,
        0.9999940608600888,
        -0.0010644320970074816,
        -0.0032779915893723643,
        0.0,
        -1.1864542961120605,
        0.10388992726802826,
        -0.26242804527282715,
        1.0
      ],
      "name": "J2 (18)"
    },
    {
      "name": "Object_51"
    },
    {
      "children": [
        53
      ],
      "matrix": [
        -0.0019686797503102316,
        0.0024497775576439017,
        -0.9999950614327848,
        0.0,
        0.0013741569268046368,
        0.9999960617512729,
        0.0024470747199379908,
        0.0,
        0.9999971179922378,
        -0.0013693326339896514,
        -0.001972038375959828,
        0.0,
        -1.266892433166504,
        0.11173123866319656,
        -0.2787196934223175,
        1.0
      ],
      "name": "J2 (19)"
    },
    {
      "name": "Object_53"
    },
    {
      "children": [
        55
      ],
      "matrix": [
        -0.0005083520983495404,
        0.002666326530193613,
        -0.9999963161337039,
        0.0,
        0.0016890895928472188,
        0.999995021125487,
        0.002665464421864132,
        0.0,
        0.9999984442760356,
        -0.0016877283760350658,
        -0.0005128532317215662,
        0.0,
        -1.3580715656280518,
        0.11909101158380508,
        -0.29715603590011597,
        1.0
      ],
      "name": "J2 (20)"
    },
    {
      "name": "Object_55"
    },
    {
      "children": [
        57
      ],
      "matrix": [
        0.0007428606048621722,
        0.0028585651614275076,
        -0.9999956383721579,
        0.0,
        0.0019923269318291993,
        0.9999939253830109,
        0.002860040292360044,
        0.0,
        0.9999977393932041,
        -0.001994442853302095,
        0.0007371608959110265,
        0.0,
        -1.4368189573287964,
        0.1250433325767517,
        -0.3129251301288605,
        1.0
      ],
      "name": "J2 (21)"
    },
    {
      "name": "Object_57"
    },
    {
      "children": [
        59
      ],
      "matrix": [
        0.0021959971733298556,
        0.003080376137390809,
        -0.9999928444140324,
        0.0,
        0.0023289492602767943,
        0.9999925278468277,
        0.0030854895648267117,
        0.0,
        0.9999948767827552,
        -0.0023357083216428466,
        0.00218880672477606,
        0.0,
        -1.5287948846817017,
        0.132048562169075,
        -0.3312854766845703,
        1.0
      ],
      "name": "J2 (22)"
    },
    {
      "name": "Object_59"
    },
    {
      "children": [
        61
      ],
      "matrix": [
        0.0034284636368816512,
        0.003255158253357162,
        -0.9999888247284747,
        0.0,
        0.002596312237185718,
        0.9999913024743223,
        0.003264067780473574,
        0.0,
        0.9999907523571694,
        -0.0026074739603851736,
        0.0034199824105239918,
        0.0,
        -1.6076600551605225,
        0.13893763720989227,
        -0.3462657034397125,
        1.0
      ],
      "name": "J2 (23)"
    },
    {
      "name": "Object_61"
    },
    {
      "children": [
        63
      ],
      "matrix": [
        0.0048492513028461914,
        0.0034579805898096207,
        -0.9999822634087279,
        0.0,
        0.0029211744649946187,
        0.9999897053273898,
        0.003472172084608864,
        0.0,
        0.9999839756223832,
        -0.0029379600883220943,
        0.004839100016792219,
        0.0,
        -1.6984596252441406,
        0.14600419998168945,
        -0.36500853300094604,
        1.0
      ],
      "name": "J2 (24)"
    },
    {
      "name": "Object_63"
    },
    {
      "children": [
        65
      ],
      "matrix": [
        0.006103510683372226,
        0.003609284485500933,
        -0.9999748597954053,
        0.0,
        0.003228235590212982,
        0.9999882042241727,
        0.003629036716329082,
        0.0,
        0.9999761625420437,
        -0.003250304296078229,
        0.006091787067097232,
        0.0,
        -1.778618335723877,
        0.15269820392131805,
        -0.37986284494400024,
        1.0
      ],
      "name": "J2 (25)"
    },
    {
      "name": "Object_65"
    },
    {
      "children": [
        67
      ],
      "matrix": [
        0.007564390345131677,
        0.0037703569727713638,
        -0.9999642815655989,
        0.0,
        0.0035585712479626803,
        0.9999864582222637,
        0.003797359973178904,
        0.0,
        0.9999650576742067,
        -0.0035871688544871026,
        0.007550870825921097,
        0.0,
        -1.8714020252227783,
        0.1594618409872055,
        -0.39845868945121765,
        1.0
      ],
      "name": "J2 (26)"
    },
    {
      "name": "Object_67"
    },
    {
      "children": [
        69
      ],
      "matrix": [
        0.008468834015477822,
        0.0038539132082899986,
        -0.9999567121647823,
        0.0,
        0.003775708503746183,
        0.9999853214041833,
        0.003886000703422862,
        0.0,
        0.9999570105138087,
        -0.0038084549564399613,
        0.008454158452013028,
        0.0,
        -1.928637981414795,
        0.1636216938495636,
        -0.40945520997047424,
        1.0
      ],
      "name": "J2 (27)"
    },
    {
      "name": "Object_69"
    },
    {
      "children": [
        71
      ],
      "matrix": [
        0.00936830815203693,
        0.0038871962141640804,
        -0.9999485609309917,
        0.0,
        0.004002247371725287,
        0.9999842887341295,
        0.003924831317738871,
        0.0,
        0.9999481070627336,
        -0.004038810529075887,
        0.009352603443225305,
        0.0,
        -1.9858629703521729,
        0.16845670342445374,
        -0.4204743206501007,
        1.0
      ],
      "name": "J2 (28)"
    },
    {
      "name": "Object_71"
    },
    {
      "children": [
        73
      ],
      "matrix": [
        0.010263806677568654,
        0.003897623449274136,
        -0.9999397295857052,
        0.0,
        0.004257836514490555,
        0.9999831675731053,
        0.0039414970093194805,
        0.0,
        0.9999382606444768,
        -0.004298034656243698,
        0.010247038469351044,
        0.0,
        -2.042393445968628,
        0.17317667603492737,
        -0.4315685033798218,
        1.0
      ],
      "name": "J2 (29)"
    },
    {
      "name": "Object_73"
    },
    {
      "children": [
        75
      ],
      "matrix": [
        0.01116633796971156,
        0.003878522834092481,
        -0.9999301325377548,
        0.0,
        0.0044953391349670645,
        0.9999821775796036,
        0.003928924689494937,
        0.0,
        0.9999275497866873,
        -0.0045388967579702184,
        0.01114870368305998,
        0.0,
        -2.099268674850464,
        0.1772266924381256,
        -0.4432767629623413,
        1.0
      ],
      "name": "J2 (30)"
    },
    {
      "name": "Object_75"
    },
    {
      "children": [
        77
      ],
      "matrix": [
        0.012504490206039165,
        0.0038259087055599124,
        -0.9999144964182006,
        0.0,
        0.004837682496899439,
        0.9999807451652302,
        0.003886660115083425,
        0.0,
        0.9999101132365581,
        -0.00488586956106161,
        0.012485740902566822,
        0.0,
        -2.1819071769714355,
        0.18223215639591217,
        -0.4592505395412445,
        1.0
      ],
      "name": "J2 (31)"
    },
    {
      "name": "Object_77"
    },
    {
      "children": [
        79
      ],
      "matrix": [
        0.015296986392858258,
        0.0034593830631642164,
        -0.9998770098747741,
        0.0,
        0.00561499992926779,
        0.9999779498794601,
        0.003545635439011239,
        0.0,
        0.9998672281773672,
        -0.005668546876787937,
        0.015277224656809363,
        0.0,
        -2.3524844646453857,
        0.195138081908226,
        -0.49288833141326904,
        1.0
      ],
      "name": "J2 (32)"
    },
    {
      "name": "Object_79"
    },
    {
      "children": [
        81
      ],
      "matrix": [
        0.018247290650889814,
        0.002829293524481541,
        -0.9998295012061077,
        0.0,
        0.006413788720308594,
        0.9999750896504046,
        0.0029467597317237564,
        0.0,
        0.9998129323519241,
        -0.006466465558370604,
        0.018228689613606797,
        0.0,
        -2.5273683071136475,
        0.2097512036561966,
        -0.5249924659729004,
        1.0
      ],
      "name": "J2 (33)"
    },
    {
      "name": "Object_81"
    },
    {
      "children": [
        83
      ],
      "matrix": [
        0.021284874844792467,
        0.002064149182168321,
        -0.9997713205483519,
        0.0,
        0.007234244649618023,
        0.9999713713994843,
        0.0022185774234983542,
        0.0,
        0.9997472779693831,
        -0.007279812469311106,
        0.02126933292843647,
        0.0,
        -2.7003684043884277,
        0.22419856488704681,
        -0.5572212934494019,
        1.0
      ],
      "name": "J2 (34)"
    },
    {
      "name": "Object_83"
    },
    {
      "children": [
        85
      ],
      "matrix": [
        0.023990684888531844,
        0.001351551781461337,
        -0.9997112684902384,
        0.0,
        0.007975356775913447,
        0.9999670054303613,
        0.0015432870544777556,
        0.0,
        0.9996803692795394,
        -0.008010078552527174,
        0.023979114218550368,
        0.0,
        -2.850611925125122,
